268 288 304 308 323 326 334
326 334
326 350 364 385
370 378 385 409 421
359 370 385 397 421
257 268 288 304 308 323 324 326 334
386 408
339 358
61 155 156 242 269 315 339 358
61 156 242 269 339 358
195 198
61 155 156 242 269 339 358
87 170 185
269
94 118 128 164 424
169 170 239
303 358
356
99 100 195 267 344
356
305 318
41 356
425
318
342
318 425
272 295 306
189 219 265 277 360
192 329
253 261 271 293 325
47  56  81 103 150 183 291
279
251 335
294
318
217
403 406
364
22 73 173 189 219 265 277 360 396
20 71 131 148 182 207 261 272 325
23 47  53  54 174 315
48
329 341
295 316
58 71 148 365 381
1 20 23 32 39 47 53  54  80  93 151 157 174 202 272 291 294 348
23 47 48 53 54 56
306
47 56 81 103 150 183 205 291
157
186 190 276
186 259
295 306
315 403
1 47 54 89 135 157 228 247 254 272 360 404
420
79 306
1 47 54 89 135 157 247 254
38 79
79 315
1 23 38 47 135 157 174 193 228 247 254 295 315 343 363
233
35 86 100 121 159 194 210 224 309 379 388
322 328
342
100 115
7 63 184
7 8 31 46 92 307 328 422
70 100 115 121 139 159 194 210 224 234 309 379 388
226
117 410 419
338
320
25 285
390
168 227 230 236 338
318
258 410
320
27 68 78 170 185 275 279 280 290 306 307 315 341 343 401 413 419
199 380
280 307 315 343 413
343 363